#usda 1.0
(
    defaultPrim = "World"
    endTimeCode = 192
    framesPerSecond = 24
    metersPerUnit = 1
    startTimeCode = 1
    timeCodesPerSecond = 24
    upAxis = "Y"
)

def Xform "World" (
    kind = "group"
)
{
    def Camera "Camera"
    {
        float focalLength = 1.8
        float horizontalAperture = 0.20955
        float verticalAperture = 0.089807145
        matrix4d xformOp:transform = ( (1, 0, 0, 0), (0, 0.9983418166140283, -0.05756402695956728, 0), (0, 0.05756402695956728, 0.9983418166140283, 0), (0, 3.5, 0, 1) )
        uniform token[] xformOpOrder = ["xformOp:transform"]
    }

    def "Pyramid_NoCreases" (
        instanceable = true
        kind = "component"
        prepend references = @./Pyramid/Pyramid.usd@
    )
    {
        matrix4d xformOp:transform = ( (1, 0, 0, 0), (0, 1, 0, 0), (0, 0, 1, 0), (-2, 0, -52, 1) )
        matrix4d xformOp:transform:xform1.timeSamples = {
            1: ( (1, 0, 0, 0), (0, 1, 0, 0), (0, 0, 1, 0), (0, 0, 0, 1) ),
            2: ( (0.9994645874763657, 0, -0.03271908282177614, 0), (0, 1, 0, 0), (0.03271908282177614, 0, 0.9994645874763657, 0), (0, 0, 0, 1) ),
            3: ( (0.9978589232386035, 0, -0.06540312923014306, 0), (0, 1, 0, 0), (0.06540312923014306, 0, 0.9978589232386035, 0), (0, 0, 0, 1) ),
            4: ( (0.9951847266721969, 0, -0.0980171403295606, 0), (0, 1, 0, 0), (0.0980171403295606, 0, 0.9951847266721969, 0), (0, 0, 0, 1) ),
            5: ( (0.9914448613738104, 0, -0.13052619222005157, 0), (0, 1, 0, 0), (0.13052619222005157, 0, 0.9914448613738104, 0), (0, 0, 0, 1) ),
            6: ( (0.986643332084879, 0, -0.16289547339458874, 0), (0, 1, 0, 0), (0.16289547339458874, 0, 0.986643332084879, 0), (0, 0, 0, 1) ),
            7: ( (0.9807852804032304, 0, -0.19509032201612825, 0), (0, 1, 0, 0), (0.19509032201612825, 0, 0.9807852804032304, 0), (0, 0, 0, 1) ),
            8: ( (0.9738769792773336, 0, -0.22707626303437323, 0), (0, 1, 0, 0), (0.22707626303437323, 0, 0.9738769792773336, 0), (0, 0, 0, 1) ),
            9: ( (0.9659258262890683, 0, -0.25881904510252074, 0), (0, 1, 0, 0), (0.25881904510252074, 0, 0.9659258262890683, 0), (0, 0, 0, 1) ),
            10: ( (0.9569403357322088, 0, -0.29028467725446233, 0), (0, 1, 0, 0), (0.29028467725446233, 0, 0.9569403357322088, 0), (0, 0, 0, 1) ),
            11: ( (0.9469301294951057, 0, -0.3214394653031616, 0), (0, 1, 0, 0), (0.3214394653031616, 0, 0.9469301294951057, 0), (0, 0, 0, 1) ),
            12: ( (0.9359059267573258, 0, -0.3522500479212335, 0), (0, 1, 0, 0), (0.3522500479212335, 0, 0.9359059267573258, 0), (0, 0, 0, 1) ),
            13: ( (0.9238795325112867, 0, -0.3826834323650898, 0), (0, 1, 0, 0), (0.3826834323650898, 0, 0.9238795325112867, 0), (0, 0, 0, 1) ),
            14: ( (0.9108638249211758, 0, -0.4127070298043947, 0), (0, 1, 0, 0), (0.4127070298043947, 0, 0.9108638249211758, 0), (0, 0, 0, 1) ),
            15: ( (0.8968727415326883, 0, -0.4422886902190013, 0), (0, 1, 0, 0), (0.4422886902190013, 0, 0.8968727415326883, 0), (0, 0, 0, 1) ),
            16: ( (0.881921264348355, 0, -0.47139673682599764, 0), (0, 1, 0, 0), (0.47139673682599764, 0, 0.881921264348355, 0), (0, 0, 0, 1) ),
            17: ( (0.8660254037844387, 0, -0.49999999999999994, 0), (0, 1, 0, 0), (0.49999999999999994, 0, 0.8660254037844387, 0), (0, 0, 0, 1) ),
            18: ( (0.8492021815265789, 0, -0.528067850650368, 0), (0, 1, 0, 0), (0.528067850650368, 0, 0.8492021815265789, 0), (0, 0, 0, 1) ),
            19: ( (0.8314696123025452, 0, -0.5555702330196022, 0), (0, 1, 0, 0), (0.5555702330196022, 0, 0.8314696123025452, 0), (0, 0, 0, 1) ),
            20: ( (0.8128466845916152, 0, -0.582477696867802, 0), (0, 1, 0, 0), (0.582477696867802, 0, 0.8128466845916152, 0), (0, 0, 0, 1) ),
            21: ( (0.7933533402912352, 0, -0.6087614290087207, 0), (0, 1, 0, 0), (0.6087614290087207, 0, 0.7933533402912352, 0), (0, 0, 0, 1) ),
            22: ( (0.773010453362737, 0, -0.6343932841636455, 0), (0, 1, 0, 0), (0.6343932841636455, 0, 0.773010453362737, 0), (0, 0, 0, 1) ),
            23: ( (0.7518398074789775, 0, -0.6593458151000688, 0), (0, 1, 0, 0), (0.6593458151000688, 0, 0.7518398074789775, 0), (0, 0, 0, 1) ),
            24: ( (0.7298640726978356, 0, -0.6835923020228712, 0), (0, 1, 0, 0), (0.6835923020228712, 0, 0.7298640726978356, 0), (0, 0, 0, 1) ),
            25: ( (0.7071067811865476, 0, -0.7071067811865475, 0), (0, 1, 0, 0), (0.7071067811865475, 0, 0.7071067811865476, 0), (0, 0, 0, 1) ),
            26: ( (0.6835923020228714, 0, -0.7298640726978356, 0), (0, 1, 0, 0), (0.7298640726978356, 0, 0.6835923020228714, 0), (0, 0, 0, 1) ),
            27: ( (0.6593458151000688, 0, -0.7518398074789774, 0), (0, 1, 0, 0), (0.7518398074789774, 0, 0.6593458151000688, 0), (0, 0, 0, 1) ),
            28: ( (0.6343932841636455, 0, -0.773010453362737, 0), (0, 1, 0, 0), (0.773010453362737, 0, 0.6343932841636455, 0), (0, 0, 0, 1) ),
            29: ( (0.6087614290087207, 0, -0.7933533402912352, 0), (0, 1, 0, 0), (0.7933533402912352, 0, 0.6087614290087207, 0), (0, 0, 0, 1) ),
            30: ( (0.5824776968678022, 0, -0.8128466845916152, 0), (0, 1, 0, 0), (0.8128466845916152, 0, 0.5824776968678022, 0), (0, 0, 0, 1) ),
            31: ( (0.5555702330196023, 0, -0.8314696123025452, 0), (0, 1, 0, 0), (0.8314696123025452, 0, 0.5555702330196023, 0), (0, 0, 0, 1) ),
            32: ( (0.5280678506503681, 0, -0.8492021815265789, 0), (0, 1, 0, 0), (0.8492021815265789, 0, 0.5280678506503681, 0), (0, 0, 0, 1) ),
            33: ( (0.5000000000000001, 0, -0.8660254037844386, 0), (0, 1, 0, 0), (0.8660254037844386, 0, 0.5000000000000001, 0), (0, 0, 0, 1) ),
            34: ( (0.4713967368259976, 0, -0.881921264348355, 0), (0, 1, 0, 0), (0.881921264348355, 0, 0.4713967368259976, 0), (0, 0, 0, 1) ),
            35: ( (0.44228869021900125, 0, -0.8968727415326884, 0), (0, 1, 0, 0), (0.8968727415326884, 0, 0.44228869021900125, 0), (0, 0, 0, 1) ),
            36: ( (0.4127070298043947, 0, -0.9108638249211758, 0), (0, 1, 0, 0), (0.9108638249211758, 0, 0.4127070298043947, 0), (0, 0, 0, 1) ),
            37: ( (0.38268343236508984, 0, -0.9238795325112867, 0), (0, 1, 0, 0), (0.9238795325112867, 0, 0.38268343236508984, 0), (0, 0, 0, 1) ),
            38: ( (0.3522500479212336, 0, -0.9359059267573256, 0), (0, 1, 0, 0), (0.9359059267573256, 0, 0.3522500479212336, 0), (0, 0, 0, 1) ),
            39: ( (0.3214394653031617, 0, -0.9469301294951056, 0), (0, 1, 0, 0), (0.9469301294951056, 0, 0.3214394653031617, 0), (0, 0, 0, 1) ),
            40: ( (0.29028467725446233, 0, -0.9569403357322088, 0), (0, 1, 0, 0), (0.9569403357322088, 0, 0.29028467725446233, 0), (0, 0, 0, 1) ),
            41: ( (0.25881904510252074, 0, -0.9659258262890683, 0), (0, 1, 0, 0), (0.9659258262890683, 0, 0.25881904510252074, 0), (0, 0, 0, 1) ),
            42: ( (0.22707626303437323, 0, -0.9738769792773336, 0), (0, 1, 0, 0), (0.9738769792773336, 0, 0.22707626303437323, 0), (0, 0, 0, 1) ),
            43: ( (0.19509032201612833, 0, -0.9807852804032304, 0), (0, 1, 0, 0), (0.9807852804032304, 0, 0.19509032201612833, 0), (0, 0, 0, 1) ),
            44: ( (0.16289547339458882, 0, -0.986643332084879, 0), (0, 1, 0, 0), (0.986643332084879, 0, 0.16289547339458882, 0), (0, 0, 0, 1) ),
            45: ( (0.1305261922200517, 0, -0.9914448613738104, 0), (0, 1, 0, 0), (0.9914448613738104, 0, 0.1305261922200517, 0), (0, 0, 0, 1) ),
            46: ( (0.09801714032956055, 0, -0.9951847266721969, 0), (0, 1, 0, 0), (0.9951847266721969, 0, 0.09801714032956055, 0), (0, 0, 0, 1) ),
            47: ( (0.06540312923014305, 0, -0.9978589232386035, 0), (0, 1, 0, 0), (0.9978589232386035, 0, 0.06540312923014305, 0), (0, 0, 0, 1) ),
            48: ( (0.032719082821776165, 0, -0.9994645874763657, 0), (0, 1, 0, 0), (0.9994645874763657, 0, 0.032719082821776165, 0), (0, 0, 0, 1) ),
            49: ( (0, 0, -1, 0), (0, 1, -0, 0), (1, 0, -0, 0), (0, 0, -0, 1) ),
            50: ( (-0.03271908282177604, 0, -0.9994645874763657, 0), (0, 1, -0, 0), (0.9994645874763657, 0, -0.03271908282177604, 0), (0, 0, -0, 1) ),
            51: ( (-0.06540312923014292, 0, -0.9978589232386035, 0), (0, 1, -0, 0), (0.9978589232386035, 0, -0.06540312923014292, 0), (0, 0, -0, 1) ),
            52: ( (-0.09801714032956065, 0, -0.9951847266721969, 0), (0, 1, -0, 0), (0.9951847266721969, 0, -0.09801714032956065, 0), (0, 0, -0, 1) ),
            53: ( (-0.1305261922200516, 0, -0.9914448613738104, 0), (0, 1, -0, 0), (0.9914448613738104, 0, -0.1305261922200516, 0), (0, 0, -0, 1) ),
            54: ( (-0.1628954733945887, 0, -0.986643332084879, 0), (0, 1, -0, 0), (0.986643332084879, 0, -0.1628954733945887, 0), (0, 0, -0, 1) ),
            55: ( (-0.1950903220161282, 0, -0.9807852804032304, 0), (0, 1, -0, 0), (0.9807852804032304, 0, -0.1950903220161282, 0), (0, 0, -0, 1) ),
            56: ( (-0.22707626303437312, 0, -0.9738769792773336, 0), (0, 1, -0, 0), (0.9738769792773336, 0, -0.22707626303437312, 0), (0, 0, -0, 1) ),
            57: ( (-0.25881904510252085, 0, -0.9659258262890683, 0), (0, 1, -0, 0), (0.9659258262890683, 0, -0.25881904510252085, 0), (0, 0, -0, 1) ),
            58: ( (-0.2902846772544624, 0, -0.9569403357322088, 0), (0, 1, -0, 0), (0.9569403357322088, 0, -0.2902846772544624, 0), (0, 0, -0, 1) ),
            59: ( (-0.3214394653031616, 0, -0.9469301294951057, 0), (0, 1, -0, 0), (0.9469301294951057, 0, -0.3214394653031616, 0), (0, 0, -0, 1) ),
            60: ( (-0.3522500479212335, 0, -0.9359059267573258, 0), (0, 1, -0, 0), (0.9359059267573258, 0, -0.3522500479212335, 0), (0, 0, -0, 1) ),
            61: ( (-0.3826834323650897, 0, -0.9238795325112867, 0), (0, 1, -0, 0), (0.9238795325112867, 0, -0.3826834323650897, 0), (0, 0, -0, 1) ),
            62: ( (-0.4127070298043946, 0, -0.9108638249211759, 0), (0, 1, -0, 0), (0.9108638249211759, 0, -0.4127070298043946, 0), (0, 0, -0, 1) ),
            63: ( (-0.44228869021900113, 0, -0.8968727415326884, 0), (0, 1, -0, 0), (0.8968727415326884, 0, -0.44228869021900113, 0), (0, 0, -0, 1) ),
            64: ( (-0.4713967368259977, 0, -0.881921264348355, 0), (0, 1, -0, 0), (0.881921264348355, 0, -0.4713967368259977, 0), (0, 0, -0, 1) ),
            65: ( (-0.49999999999999983, 0, -0.8660254037844387, 0), (0, 1, -0, 0), (0.8660254037844387, 0, -0.49999999999999983, 0), (0, 0, -0, 1) ),
            66: ( (-0.528067850650368, 0, -0.8492021815265789, 0), (0, 1, -0, 0), (0.8492021815265789, 0, -0.528067850650368, 0), (0, 0, -0, 1) ),
            67: ( (-0.5555702330196024, 0, -0.8314696123025451, 0), (0, 1, -0, 0), (0.8314696123025451, 0, -0.5555702330196024, 0), (0, 0, -0, 1) ),
            68: ( (-0.582477696867802, 0, -0.8128466845916152, 0), (0, 1, -0, 0), (0.8128466845916152, 0, -0.582477696867802, 0), (0, 0, -0, 1) ),
            69: ( (-0.6087614290087207, 0, -0.7933533402912352, 0), (0, 1, -0, 0), (0.7933533402912352, 0, -0.6087614290087207, 0), (0, 0, -0, 1) ),
            70: ( (-0.6343932841636454, 0, -0.7730104533627371, 0), (0, 1, -0, 0), (0.7730104533627371, 0, -0.6343932841636454, 0), (0, 0, -0, 1) ),
            71: ( (-0.6593458151000688, 0, -0.7518398074789774, 0), (0, 1, -0, 0), (0.7518398074789774, 0, -0.6593458151000688, 0), (0, 0, -0, 1) ),
            72: ( (-0.6835923020228714, 0, -0.7298640726978356, 0), (0, 1, -0, 0), (0.7298640726978356, 0, -0.6835923020228714, 0), (0, 0, -0, 1) ),
            73: ( (-0.7071067811865475, 0, -0.7071067811865476, 0), (0, 1, -0, 0), (0.7071067811865476, 0, -0.7071067811865475, 0), (0, 0, -0, 1) ),
            74: ( (-0.7298640726978357, 0, -0.6835923020228712, 0), (0, 1, -0, 0), (0.6835923020228712, 0, -0.7298640726978357, 0), (0, 0, -0, 1) ),
            75: ( (-0.7518398074789773, 0, -0.659345815100069, 0), (0, 1, -0, 0), (0.659345815100069, 0, -0.7518398074789773, 0), (0, 0, -0, 1) ),
            76: ( (-0.773010453362737, 0, -0.6343932841636455, 0), (0, 1, -0, 0), (0.6343932841636455, 0, -0.773010453362737, 0), (0, 0, -0, 1) ),
            77: ( (-0.793353340291235, 0, -0.6087614290087209, 0), (0, 1, -0, 0), (0.6087614290087209, 0, -0.793353340291235, 0), (0, 0, -0, 1) ),
            78: ( (-0.8128466845916151, 0, -0.5824776968678022, 0), (0, 1, -0, 0), (0.5824776968678022, 0, -0.8128466845916151, 0), (0, 0, -0, 1) ),
            79: ( (-0.8314696123025453, 0, -0.5555702330196022, 0), (0, 1, -0, 0), (0.5555702330196022, 0, -0.8314696123025453, 0), (0, 0, -0, 1) ),
            80: ( (-0.8492021815265788, 0, -0.5280678506503681, 0), (0, 1, -0, 0), (0.5280678506503681, 0, -0.8492021815265788, 0), (0, 0, -0, 1) ),
            81: ( (-0.8660254037844387, 0, -0.49999999999999994, 0), (0, 1, -0, 0), (0.49999999999999994, 0, -0.8660254037844387, 0), (0, 0, -0, 1) ),
            82: ( (-0.8819212643483549, 0, -0.47139673682599786, 0), (0, 1, -0, 0), (0.47139673682599786, 0, -0.8819212643483549, 0), (0, 0, -0, 1) ),
            83: ( (-0.8968727415326883, 0, -0.4422886902190013, 0), (0, 1, -0, 0), (0.4422886902190013, 0, -0.8968727415326883, 0), (0, 0, -0, 1) ),
            84: ( (-0.9108638249211759, 0, -0.4127070298043946, 0), (0, 1, -0, 0), (0.4127070298043946, 0, -0.9108638249211759, 0), (0, 0, -0, 1) ),
            85: ( (-0.9238795325112867, 0, -0.3826834323650899, 0), (0, 1, -0, 0), (0.3826834323650899, 0, -0.9238795325112867, 0), (0, 0, -0, 1) ),
            86: ( (-0.9359059267573258, 0, -0.35225004792123343, 0), (0, 1, -0, 0), (0.35225004792123343, 0, -0.9359059267573258, 0), (0, 0, -0, 1) ),
            87: ( (-0.9469301294951056, 0, -0.32143946530316175, 0), (0, 1, -0, 0), (0.32143946530316175, 0, -0.9469301294951056, 0), (0, 0, -0, 1) ),
            88: ( (-0.9569403357322088, 0, -0.2902846772544624, 0), (0, 1, -0, 0), (0.2902846772544624, 0, -0.9569403357322088, 0), (0, 0, -0, 1) ),
            89: ( (-0.9659258262890682, 0, -0.258819045102521, 0), (0, 1, -0, 0), (0.258819045102521, 0, -0.9659258262890682, 0), (0, 0, -0, 1) ),
            90: ( (-0.9738769792773336, 0, -0.22707626303437328, 0), (0, 1, -0, 0), (0.22707626303437328, 0, -0.9738769792773336, 0), (0, 0, -0, 1) ),
            91: ( (-0.9807852804032304, 0, -0.19509032201612816, 0), (0, 1, -0, 0), (0.19509032201612816, 0, -0.9807852804032304, 0), (0, 0, -0, 1) ),
            92: ( (-0.986643332084879, 0, -0.1628954733945889, 0), (0, 1, -0, 0), (0.1628954733945889, 0, -0.986643332084879, 0), (0, 0, -0, 1) ),
            93: ( (-0.9914448613738104, 0, -0.13052619222005157, 0), (0, 1, -0, 0), (0.13052619222005157, 0, -0.9914448613738104, 0), (0, 0, -0, 1) ),
            94: ( (-0.9951847266721968, 0, -0.09801714032956083, 0), (0, 1, -0, 0), (0.09801714032956083, 0, -0.9951847266721968, 0), (0, 0, -0, 1) ),
            95: ( (-0.9978589232386035, 0, -0.06540312923014312, 0), (0, 1, -0, 0), (0.06540312923014312, 0, -0.9978589232386035, 0), (0, 0, -0, 1) ),
            96: ( (-0.9994645874763657, 0, -0.032719082821776005, 0), (0, 1, -0, 0), (0.032719082821776005, 0, -0.9994645874763657, 0), (0, 0, -0, 1) ),
            97: ( (-1, 0, -0, 0), (-0, 1, -0, 0), (-0, 0, -1, 0), (-0, 0, -0, 1) ),
            98: ( (-0.9994645874763657, 0, 0.032719082821776206, 0), (-0, 1, 0, 0), (-0.032719082821776206, 0, -0.9994645874763657, 0), (-0, 0, 0, 1) ),
            99: ( (-0.9978589232386035, 0, 0.06540312923014287, 0), (-0, 1, 0, 0), (-0.06540312923014287, 0, -0.9978589232386035, 0), (-0, 0, 0, 1) ),
            100: ( (-0.9951847266721969, 0, 0.09801714032956059, 0), (-0, 1, 0, 0), (-0.09801714032956059, 0, -0.9951847266721969, 0), (-0, 0, 0, 1) ),
            101: ( (-0.9914448613738105, 0, 0.13052619222005132, 0), (-0, 1, 0, 0), (-0.13052619222005132, 0, -0.9914448613738105, 0), (-0, 0, 0, 1) ),
            102: ( (-0.986643332084879, 0, 0.16289547339458865, 0), (-0, 1, 0, 0), (-0.16289547339458865, 0, -0.986643332084879, 0), (-0, 0, 0, 1) ),
            103: ( (-0.9807852804032304, 0, 0.19509032201612836, 0), (-0, 1, 0, 0), (-0.19509032201612836, 0, -0.9807852804032304, 0), (-0, 0, 0, 1) ),
            104: ( (-0.9738769792773336, 0, 0.22707626303437303, 0), (-0, 1, 0, 0), (-0.22707626303437303, 0, -0.9738769792773336, 0), (-0, 0, 0, 1) ),
            105: ( (-0.9659258262890683, 0, 0.2588190451025208, 0), (-0, 1, 0, 0), (-0.2588190451025208, 0, -0.9659258262890683, 0), (-0, 0, 0, 1) ),
            106: ( (-0.9569403357322089, 0, 0.2902846772544621, 0), (-0, 1, 0, 0), (-0.2902846772544621, 0, -0.9569403357322089, 0), (-0, 0, 0, 1) ),
            107: ( (-0.9469301294951057, 0, 0.32143946530316153, 0), (-0, 1, 0, 0), (-0.32143946530316153, 0, -0.9469301294951057, 0), (-0, 0, 0, 1) ),
            108: ( (-0.9359059267573256, 0, 0.3522500479212336, 0), (-0, 1, 0, 0), (-0.3522500479212336, 0, -0.9359059267573256, 0), (-0, 0, 0, 1) ),
            109: ( (-0.9238795325112868, 0, 0.38268343236508967, 0), (-0, 1, 0, 0), (-0.38268343236508967, 0, -0.9238795325112868, 0), (-0, 0, 0, 1) ),
            110: ( (-0.9108638249211758, 0, 0.4127070298043948, 0), (-0, 1, 0, 0), (-0.4127070298043948, 0, -0.9108638249211758, 0), (-0, 0, 0, 1) ),
            111: ( (-0.8968727415326884, 0, 0.4422886902190011, 0), (-0, 1, 0, 0), (-0.4422886902190011, 0, -0.8968727415326884, 0), (-0, 0, 0, 1) ),
            112: ( (-0.881921264348355, 0, 0.47139673682599764, 0), (-0, 1, 0, 0), (-0.47139673682599764, 0, -0.881921264348355, 0), (-0, 0, 0, 1) ),
            113: ( (-0.8660254037844386, 0, 0.5000000000000001, 0), (-0, 1, 0, 0), (-0.5000000000000001, 0, -0.8660254037844386, 0), (-0, 0, 0, 1) ),
            114: ( (-0.849202181526579, 0, 0.5280678506503679, 0), (-0, 1, 0, 0), (-0.5280678506503679, 0, -0.849202181526579, 0), (-0, 0, 0, 1) ),
            115: ( (-0.8314696123025452, 0, 0.5555702330196023, 0), (-0, 1, 0, 0), (-0.5555702330196023, 0, -0.8314696123025452, 0), (-0, 0, 0, 1) ),
            116: ( (-0.8128466845916154, 0, 0.582477696867802, 0), (-0, 1, 0, 0), (-0.582477696867802, 0, -0.8128466845916154, 0), (-0, 0, 0, 1) ),
            117: ( (-0.7933533402912352, 0, 0.6087614290087207, 0), (-0, 1, 0, 0), (-0.6087614290087207, 0, -0.7933533402912352, 0), (-0, 0, 0, 1) ),
            118: ( (-0.7730104533627371, 0, 0.6343932841636453, 0), (-0, 1, 0, 0), (-0.6343932841636453, 0, -0.7730104533627371, 0), (-0, 0, 0, 1) ),
            119: ( (-0.7518398074789775, 0, 0.6593458151000688, 0), (-0, 1, 0, 0), (-0.6593458151000688, 0, -0.7518398074789775, 0), (-0, 0, 0, 1) ),
            120: ( (-0.7298640726978356, 0, 0.6835923020228714, 0), (-0, 1, 0, 0), (-0.6835923020228714, 0, -0.7298640726978356, 0), (-0, 0, 0, 1) ),
            121: ( (-0.7071067811865477, 0, 0.7071067811865475, 0), (-0, 1, 0, 0), (-0.7071067811865475, 0, -0.7071067811865477, 0), (-0, 0, 0, 1) ),
            122: ( (-0.6835923020228712, 0, 0.7298640726978356, 0), (-0, 1, 0, 0), (-0.7298640726978356, 0, -0.6835923020228712, 0), (-0, 0, 0, 1) ),
            123: ( (-0.6593458151000691, 0, 0.7518398074789773, 0), (-0, 1, 0, 0), (-0.7518398074789773, 0, -0.6593458151000691, 0), (-0, 0, 0, 1) ),
            124: ( (-0.6343932841636458, 0, 0.7730104533627367, 0), (-0, 1, 0, 0), (-0.7730104533627367, 0, -0.6343932841636458, 0), (-0, 0, 0, 1) ),
            125: ( (-0.6087614290087209, 0, 0.7933533402912349, 0), (-0, 1, 0, 0), (-0.7933533402912349, 0, -0.6087614290087209, 0), (-0, 0, 0, 1) ),
            126: ( (-0.5824776968678023, 0, 0.8128466845916151, 0), (-0, 1, 0, 0), (-0.8128466845916151, 0, -0.5824776968678023, 0), (-0, 0, 0, 1) ),
            127: ( (-0.5555702330196022, 0, 0.8314696123025452, 0), (-0, 1, 0, 0), (-0.8314696123025452, 0, -0.5555702330196022, 0), (-0, 0, 0, 1) ),
            128: ( (-0.5280678506503678, 0, 0.849202181526579, 0), (-0, 1, 0, 0), (-0.849202181526579, 0, -0.5280678506503678, 0), (-0, 0, 0, 1) ),
            129: ( (-0.5000000000000004, 0, 0.8660254037844384, 0), (-0, 1, 0, 0), (-0.8660254037844384, 0, -0.5000000000000004, 0), (-0, 0, 0, 1) ),
            130: ( (-0.4713967368259979, 0, 0.8819212643483549, 0), (-0, 1, 0, 0), (-0.8819212643483549, 0, -0.4713967368259979, 0), (-0, 0, 0, 1) ),
            131: ( (-0.44228869021900136, 0, 0.8968727415326883, 0), (-0, 1, 0, 0), (-0.8968727415326883, 0, -0.44228869021900136, 0), (-0, 0, 0, 1) ),
            132: ( (-0.41270702980439467, 0, 0.9108638249211759, 0), (-0, 1, 0, 0), (-0.9108638249211759, 0, -0.41270702980439467, 0), (-0, 0, 0, 1) ),
            133: ( (-0.3826834323650895, 0, 0.9238795325112868, 0), (-0, 1, 0, 0), (-0.9238795325112868, 0, -0.3826834323650895, 0), (-0, 0, 0, 1) ),
            134: ( (-0.35225004792123393, 0, 0.9359059267573255, 0), (-0, 1, 0, 0), (-0.9359059267573255, 0, -0.35225004792123393, 0), (-0, 0, 0, 1) ),
            135: ( (-0.3214394653031618, 0, 0.9469301294951056, 0), (-0, 1, 0, 0), (-0.9469301294951056, 0, -0.3214394653031618, 0), (-0, 0, 0, 1) ),
            136: ( (-0.29028467725446244, 0, 0.9569403357322088, 0), (-0, 1, 0, 0), (-0.9569403357322088, 0, -0.29028467725446244, 0), (-0, 0, 0, 1) ),
            137: ( (-0.25881904510252063, 0, 0.9659258262890683, 0), (-0, 1, 0, 0), (-0.9659258262890683, 0, -0.25881904510252063, 0), (-0, 0, 0, 1) ),
            138: ( (-0.22707626303437292, 0, 0.9738769792773337, 0), (-0, 1, 0, 0), (-0.9738769792773337, 0, -0.22707626303437292, 0), (-0, 0, 0, 1) ),
            139: ( (-0.19509032201612866, 0, 0.9807852804032303, 0), (-0, 1, 0, 0), (-0.9807852804032303, 0, -0.19509032201612866, 0), (-0, 0, 0, 1) ),
            140: ( (-0.16289547339458896, 0, 0.986643332084879, 0), (-0, 1, 0, 0), (-0.986643332084879, 0, -0.16289547339458896, 0), (-0, 0, 0, 1) ),
            141: ( (-0.13052619222005163, 0, 0.9914448613738104, 0), (-0, 1, 0, 0), (-0.9914448613738104, 0, -0.13052619222005163, 0), (-0, 0, 0, 1) ),
            142: ( (-0.09801714032956045, 0, 0.9951847266721969, 0), (-0, 1, 0, 0), (-0.9951847266721969, 0, -0.09801714032956045, 0), (-0, 0, 0, 1) ),
            143: ( (-0.06540312923014273, 0, 0.9978589232386035, 0), (-0, 1, 0, 0), (-0.9978589232386035, 0, -0.06540312923014273, 0), (-0, 0, 0, 1) ),
            144: ( (-0.03271908282177651, 0, 0.9994645874763657, 0), (-0, 1, 0, 0), (-0.9994645874763657, 0, -0.03271908282177651, 0), (-0, 0, 0, 1) ),
            145: ( (-0, 0, 1, 0), (-0, 1, 0, 0), (-1, 0, 0, 0), (-0, 0, 0, 1) ),
            146: ( (0.032719082821776144, 0, 0.9994645874763657, 0), (0, 1, 0, 0), (-0.9994645874763657, 0, 0.032719082821776144, 0), (0, 0, 0, 1) ),
            147: ( (0.06540312923014326, 0, 0.9978589232386035, 0), (0, 1, 0, 0), (-0.9978589232386035, 0, 0.06540312923014326, 0), (0, 0, 0, 1) ),
            148: ( (0.09801714032956009, 0, 0.9951847266721969, 0), (0, 1, 0, 0), (-0.9951847266721969, 0, 0.09801714032956009, 0), (0, 0, 0, 1) ),
            149: ( (0.13052619222005127, 0, 0.9914448613738105, 0), (0, 1, 0, 0), (-0.9914448613738105, 0, 0.13052619222005127, 0), (0, 0, 0, 1) ),
            150: ( (0.1628954733945886, 0, 0.986643332084879, 0), (0, 1, 0, 0), (-0.986643332084879, 0, 0.1628954733945886, 0), (0, 0, 0, 1) ),
            151: ( (0.1950903220161283, 0, 0.9807852804032304, 0), (0, 1, 0, 0), (-0.9807852804032304, 0, 0.1950903220161283, 0), (0, 0, 0, 1) ),
            152: ( (0.22707626303437342, 0, 0.9738769792773336, 0), (0, 1, 0, 0), (-0.9738769792773336, 0, 0.22707626303437342, 0), (0, 0, 0, 1) ),
            153: ( (0.2588190451025203, 0, 0.9659258262890684, 0), (0, 1, 0, 0), (-0.9659258262890684, 0, 0.2588190451025203, 0), (0, 0, 0, 1) ),
            154: ( (0.29028467725446205, 0, 0.9569403357322089, 0), (0, 1, 0, 0), (-0.9569403357322089, 0, 0.29028467725446205, 0), (0, 0, 0, 1) ),
            155: ( (0.3214394653031615, 0, 0.9469301294951057, 0), (0, 1, 0, 0), (-0.9469301294951057, 0, 0.3214394653031615, 0), (0, 0, 0, 1) ),
            156: ( (0.35225004792123354, 0, 0.9359059267573256, 0), (0, 1, 0, 0), (-0.9359059267573256, 0, 0.35225004792123354, 0), (0, 0, 0, 1) ),
            157: ( (0.38268343236509, 0, 0.9238795325112866, 0), (0, 1, 0, 0), (-0.9238795325112866, 0, 0.38268343236509, 0), (0, 0, 0, 1) ),
            158: ( (0.41270702980439433, 0, 0.910863824921176, 0), (0, 1, 0, 0), (-0.910863824921176, 0, 0.41270702980439433, 0), (0, 0, 0, 1) ),
            159: ( (0.442288690219001, 0, 0.8968727415326885, 0), (0, 1, 0, 0), (-0.8968727415326885, 0, 0.442288690219001, 0), (0, 0, 0, 1) ),
            160: ( (0.4713967368259976, 0, 0.881921264348355, 0), (0, 1, 0, 0), (-0.881921264348355, 0, 0.4713967368259976, 0), (0, 0, 0, 1) ),
            161: ( (0.5000000000000001, 0, 0.8660254037844386, 0), (0, 1, 0, 0), (-0.8660254037844386, 0, 0.5000000000000001, 0), (0, 0, 0, 1) ),
            162: ( (0.5280678506503682, 0, 0.8492021815265788, 0), (0, 1, 0, 0), (-0.8492021815265788, 0, 0.5280678506503682, 0), (0, 0, 0, 1) ),
            163: ( (0.5555702330196018, 0, 0.8314696123025455, 0), (0, 1, 0, 0), (-0.8314696123025455, 0, 0.5555702330196018, 0), (0, 0, 0, 1) ),
            164: ( (0.5824776968678019, 0, 0.8128466845916154, 0), (0, 1, 0, 0), (-0.8128466845916154, 0, 0.5824776968678019, 0), (0, 0, 0, 1) ),
            165: ( (0.6087614290087207, 0, 0.7933533402912352, 0), (0, 1, 0, 0), (-0.7933533402912352, 0, 0.6087614290087207, 0), (0, 0, 0, 1) ),
            166: ( (0.6343932841636456, 0, 0.7730104533627369, 0), (0, 1, 0, 0), (-0.7730104533627369, 0, 0.6343932841636456, 0), (0, 0, 0, 1) ),
            167: ( (0.6593458151000691, 0, 0.7518398074789772, 0), (0, 1, 0, 0), (-0.7518398074789772, 0, 0.6593458151000691, 0), (0, 0, 0, 1) ),
            168: ( (0.683592302022871, 0, 0.7298640726978359, 0), (0, 1, 0, 0), (-0.7298640726978359, 0, 0.683592302022871, 0), (0, 0, 0, 1) ),
            169: ( (0.7071067811865474, 0, 0.7071067811865477, 0), (0, 1, 0, 0), (-0.7071067811865477, 0, 0.7071067811865474, 0), (0, 0, 0, 1) ),
            170: ( (0.7298640726978356, 0, 0.6835923020228714, 0), (0, 1, 0, 0), (-0.6835923020228714, 0, 0.7298640726978356, 0), (0, 0, 0, 1) ),
            171: ( (0.7518398074789775, 0, 0.6593458151000687, 0), (0, 1, 0, 0), (-0.6593458151000687, 0, 0.7518398074789775, 0), (0, 0, 0, 1) ),
            172: ( (0.7730104533627372, 0, 0.6343932841636453, 0), (0, 1, 0, 0), (-0.6343932841636453, 0, 0.7730104533627372, 0), (0, 0, 0, 1) ),
            173: ( (0.7933533402912349, 0, 0.6087614290087209, 0), (0, 1, 0, 0), (-0.6087614290087209, 0, 0.7933533402912349, 0), (0, 0, 0, 1) ),
            174: ( (0.8128466845916151, 0, 0.5824776968678023, 0), (0, 1, 0, 0), (-0.5824776968678023, 0, 0.8128466845916151, 0), (0, 0, 0, 1) ),
            175: ( (0.8314696123025452, 0, 0.5555702330196022, 0), (0, 1, 0, 0), (-0.5555702330196022, 0, 0.8314696123025452, 0), (0, 0, 0, 1) ),
            176: ( (0.849202181526579, 0, 0.5280678506503679, 0), (0, 1, 0, 0), (-0.5280678506503679, 0, 0.849202181526579, 0), (0, 0, 0, 1) ),
            177: ( (0.8660254037844384, 0, 0.5000000000000004, 0), (0, 1, 0, 0), (-0.5000000000000004, 0, 0.8660254037844384, 0), (0, 0, 0, 1) ),
            178: ( (0.8819212643483548, 0, 0.471396736825998, 0), (0, 1, 0, 0), (-0.471396736825998, 0, 0.8819212643483548, 0), (0, 0, 0, 1) ),
            179: ( (0.8968727415326883, 0, 0.4422886902190014, 0), (0, 1, 0, 0), (-0.4422886902190014, 0, 0.8968727415326883, 0), (0, 0, 0, 1) ),
            180: ( (0.9108638249211758, 0, 0.4127070298043947, 0), (0, 1, 0, 0), (-0.4127070298043947, 0, 0.9108638249211758, 0), (0, 0, 0, 1) ),
            181: ( (0.9238795325112868, 0, 0.38268343236508956, 0), (0, 1, 0, 0), (-0.38268343236508956, 0, 0.9238795325112868, 0), (0, 0, 0, 1) ),
            182: ( (0.9359059267573255, 0, 0.352250047921234, 0), (0, 1, 0, 0), (-0.352250047921234, 0, 0.9359059267573255, 0), (0, 0, 0, 1) ),
            183: ( (0.9469301294951056, 0, 0.32143946530316186, 0), (0, 1, 0, 0), (-0.32143946530316186, 0, 0.9469301294951056, 0), (0, 0, 0, 1) ),
            184: ( (0.9569403357322088, 0, 0.2902846772544625, 0), (0, 1, 0, 0), (-0.2902846772544625, 0, 0.9569403357322088, 0), (0, 0, 0, 1) ),
            185: ( (0.9659258262890683, 0, 0.2588190451025207, 0), (0, 1, 0, 0), (-0.2588190451025207, 0, 0.9659258262890683, 0), (0, 0, 0, 1) ),
            186: ( (0.9738769792773337, 0, 0.22707626303437298, 0), (0, 1, 0, 0), (-0.22707626303437298, 0, 0.9738769792773337, 0), (0, 0, 0, 1) ),
            187: ( (0.9807852804032303, 0, 0.19509032201612872, 0), (0, 1, 0, 0), (-0.19509032201612872, 0, 0.9807852804032303, 0), (0, 0, 0, 1) ),
            188: ( (0.986643332084879, 0, 0.162895473394589, 0), (0, 1, 0, 0), (-0.162895473394589, 0, 0.986643332084879, 0), (0, 0, 0, 1) ),
            189: ( (0.9914448613738104, 0, 0.13052619222005168, 0), (0, 1, 0, 0), (-0.13052619222005168, 0, 0.9914448613738104, 0), (0, 0, 0, 1) ),
            190: ( (0.9951847266721969, 0, 0.0980171403295605, 0), (0, 1, 0, 0), (-0.0980171403295605, 0, 0.9951847266721969, 0), (0, 0, 0, 1) ),
            191: ( (0.9978589232386035, 0, 0.0654031292301428, 0), (0, 1, 0, 0), (-0.0654031292301428, 0, 0.9978589232386035, 0), (0, 0, 0, 1) ),
            192: ( (0.9994645874763657, 0, 0.032719082821776574, 0), (0, 1, 0, 0), (-0.032719082821776574, 0, 0.9994645874763657, 0), (0, 0, 0, 1) ),
            193: ( (1, 0, 0, 0), (0, 1, 0, 0), (0, 0, 1, 0), (0, 0, 0, 1) ),
        }
        matrix4d xformOp:transform:xform2 = ( (0.06966087492121589, -0.0036507717575346233, -0.9975640502598242, 0), (-0.13008288401132428, 0.9914216285750531, -0.012712107649239936, 0), (0.9890529843201056, 0.1306515451847543, 0.06858839514326774, 0), (0, 0, 0, 1) )
        uniform token[] xformOpOrder = ["xformOp:transform", "xformOp:transform:xform1", "xformOp:transform:xform2"]
    }

    def "Pyramid_EdgeCreases" (
        instanceable = true
        kind = "component"
        prepend references = @./Pyramid/Pyramid.usd@
        variants = {
            string creases = "edges"
        }
    )
    {
        matrix4d xformOp:transform = ( (1, 0, 0, 0), (0, 1, 0, 0), (0, 0, 1, 0), (0, 0, -52, 1) )
        matrix4d xformOp:transform:xform1.timeSamples = {
            1: ( (1, 0, 0, 0), (0, 1, 0, 0), (0, 0, 1, 0), (0, 0, 0, 1) ),
            2: ( (0.9994645874763657, 0, -0.03271908282177614, 0), (0, 1, 0, 0), (0.03271908282177614, 0, 0.9994645874763657, 0), (0, 0, 0, 1) ),
            3: ( (0.9978589232386035, 0, -0.06540312923014306, 0), (0, 1, 0, 0), (0.06540312923014306, 0, 0.9978589232386035, 0), (0, 0, 0, 1) ),
            4: ( (0.9951847266721969, 0, -0.0980171403295606, 0), (0, 1, 0, 0), (0.0980171403295606, 0, 0.9951847266721969, 0), (0, 0, 0, 1) ),
            5: ( (0.9914448613738104, 0, -0.13052619222005157, 0), (0, 1, 0, 0), (0.13052619222005157, 0, 0.9914448613738104, 0), (0, 0, 0, 1) ),
            6: ( (0.986643332084879, 0, -0.16289547339458874, 0), (0, 1, 0, 0), (0.16289547339458874, 0, 0.986643332084879, 0), (0, 0, 0, 1) ),
            7: ( (0.9807852804032304, 0, -0.19509032201612825, 0), (0, 1, 0, 0), (0.19509032201612825, 0, 0.9807852804032304, 0), (0, 0, 0, 1) ),
            8: ( (0.9738769792773336, 0, -0.22707626303437323, 0), (0, 1, 0, 0), (0.22707626303437323, 0, 0.9738769792773336, 0), (0, 0, 0, 1) ),
            9: ( (0.9659258262890683, 0, -0.25881904510252074, 0), (0, 1, 0, 0), (0.25881904510252074, 0, 0.9659258262890683, 0), (0, 0, 0, 1) ),
            10: ( (0.9569403357322088, 0, -0.29028467725446233, 0), (0, 1, 0, 0), (0.29028467725446233, 0, 0.9569403357322088, 0), (0, 0, 0, 1) ),
            11: ( (0.9469301294951057, 0, -0.3214394653031616, 0), (0, 1, 0, 0), (0.3214394653031616, 0, 0.9469301294951057, 0), (0, 0, 0, 1) ),
            12: ( (0.9359059267573258, 0, -0.3522500479212335, 0), (0, 1, 0, 0), (0.3522500479212335, 0, 0.9359059267573258, 0), (0, 0, 0, 1) ),
            13: ( (0.9238795325112867, 0, -0.3826834323650898, 0), (0, 1, 0, 0), (0.3826834323650898, 0, 0.9238795325112867, 0), (0, 0, 0, 1) ),
            14: ( (0.9108638249211758, 0, -0.4127070298043947, 0), (0, 1, 0, 0), (0.4127070298043947, 0, 0.9108638249211758, 0), (0, 0, 0, 1) ),
            15: ( (0.8968727415326883, 0, -0.4422886902190013, 0), (0, 1, 0, 0), (0.4422886902190013, 0, 0.8968727415326883, 0), (0, 0, 0, 1) ),
            16: ( (0.881921264348355, 0, -0.47139673682599764, 0), (0, 1, 0, 0), (0.47139673682599764, 0, 0.881921264348355, 0), (0, 0, 0, 1) ),
            17: ( (0.8660254037844387, 0, -0.49999999999999994, 0), (0, 1, 0, 0), (0.49999999999999994, 0, 0.8660254037844387, 0), (0, 0, 0, 1) ),
            18: ( (0.8492021815265789, 0, -0.528067850650368, 0), (0, 1, 0, 0), (0.528067850650368, 0, 0.8492021815265789, 0), (0, 0, 0, 1) ),
            19: ( (0.8314696123025452, 0, -0.5555702330196022, 0), (0, 1, 0, 0), (0.5555702330196022, 0, 0.8314696123025452, 0), (0, 0, 0, 1) ),
            20: ( (0.8128466845916152, 0, -0.582477696867802, 0), (0, 1, 0, 0), (0.582477696867802, 0, 0.8128466845916152, 0), (0, 0, 0, 1) ),
            21: ( (0.7933533402912352, 0, -0.6087614290087207, 0), (0, 1, 0, 0), (0.6087614290087207, 0, 0.7933533402912352, 0), (0, 0, 0, 1) ),
            22: ( (0.773010453362737, 0, -0.6343932841636455, 0), (0, 1, 0, 0), (0.6343932841636455, 0, 0.773010453362737, 0), (0, 0, 0, 1) ),
            23: ( (0.7518398074789775, 0, -0.6593458151000688, 0), (0, 1, 0, 0), (0.6593458151000688, 0, 0.7518398074789775, 0), (0, 0, 0, 1) ),
            24: ( (0.7298640726978356, 0, -0.6835923020228712, 0), (0, 1, 0, 0), (0.6835923020228712, 0, 0.7298640726978356, 0), (0, 0, 0, 1) ),
            25: ( (0.7071067811865476, 0, -0.7071067811865475, 0), (0, 1, 0, 0), (0.7071067811865475, 0, 0.7071067811865476, 0), (0, 0, 0, 1) ),
            26: ( (0.6835923020228714, 0, -0.7298640726978356, 0), (0, 1, 0, 0), (0.7298640726978356, 0, 0.6835923020228714, 0), (0, 0, 0, 1) ),
            27: ( (0.6593458151000688, 0, -0.7518398074789774, 0), (0, 1, 0, 0), (0.7518398074789774, 0, 0.6593458151000688, 0), (0, 0, 0, 1) ),
            28: ( (0.6343932841636455, 0, -0.773010453362737, 0), (0, 1, 0, 0), (0.773010453362737, 0, 0.6343932841636455, 0), (0, 0, 0, 1) ),
            29: ( (0.6087614290087207, 0, -0.7933533402912352, 0), (0, 1, 0, 0), (0.7933533402912352, 0, 0.6087614290087207, 0), (0, 0, 0, 1) ),
            30: ( (0.5824776968678022, 0, -0.8128466845916152, 0), (0, 1, 0, 0), (0.8128466845916152, 0, 0.5824776968678022, 0), (0, 0, 0, 1) ),
            31: ( (0.5555702330196023, 0, -0.8314696123025452, 0), (0, 1, 0, 0), (0.8314696123025452, 0, 0.5555702330196023, 0), (0, 0, 0, 1) ),
            32: ( (0.5280678506503681, 0, -0.8492021815265789, 0), (0, 1, 0, 0), (0.8492021815265789, 0, 0.5280678506503681, 0), (0, 0, 0, 1) ),
            33: ( (0.5000000000000001, 0, -0.8660254037844386, 0), (0, 1, 0, 0), (0.8660254037844386, 0, 0.5000000000000001, 0), (0, 0, 0, 1) ),
            34: ( (0.4713967368259976, 0, -0.881921264348355, 0), (0, 1, 0, 0), (0.881921264348355, 0, 0.4713967368259976, 0), (0, 0, 0, 1) ),
            35: ( (0.44228869021900125, 0, -0.8968727415326884, 0), (0, 1, 0, 0), (0.8968727415326884, 0, 0.44228869021900125, 0), (0, 0, 0, 1) ),
            36: ( (0.4127070298043947, 0, -0.9108638249211758, 0), (0, 1, 0, 0), (0.9108638249211758, 0, 0.4127070298043947, 0), (0, 0, 0, 1) ),
            37: ( (0.38268343236508984, 0, -0.9238795325112867, 0), (0, 1, 0, 0), (0.9238795325112867, 0, 0.38268343236508984, 0), (0, 0, 0, 1) ),
            38: ( (0.3522500479212336, 0, -0.9359059267573256, 0), (0, 1, 0, 0), (0.9359059267573256, 0, 0.3522500479212336, 0), (0, 0, 0, 1) ),
            39: ( (0.3214394653031617, 0, -0.9469301294951056, 0), (0, 1, 0, 0), (0.9469301294951056, 0, 0.3214394653031617, 0), (0, 0, 0, 1) ),
            40: ( (0.29028467725446233, 0, -0.9569403357322088, 0), (0, 1, 0, 0), (0.9569403357322088, 0, 0.29028467725446233, 0), (0, 0, 0, 1) ),
            41: ( (0.25881904510252074, 0, -0.9659258262890683, 0), (0, 1, 0, 0), (0.9659258262890683, 0, 0.25881904510252074, 0), (0, 0, 0, 1) ),
            42: ( (0.22707626303437323, 0, -0.9738769792773336, 0), (0, 1, 0, 0), (0.9738769792773336, 0, 0.22707626303437323, 0), (0, 0, 0, 1) ),
            43: ( (0.19509032201612833, 0, -0.9807852804032304, 0), (0, 1, 0, 0), (0.9807852804032304, 0, 0.19509032201612833, 0), (0, 0, 0, 1) ),
            44: ( (0.16289547339458882, 0, -0.986643332084879, 0), (0, 1, 0, 0), (0.986643332084879, 0, 0.16289547339458882, 0), (0, 0, 0, 1) ),
            45: ( (0.1305261922200517, 0, -0.9914448613738104, 0), (0, 1, 0, 0), (0.9914448613738104, 0, 0.1305261922200517, 0), (0, 0, 0, 1) ),
            46: ( (0.09801714032956055, 0, -0.9951847266721969, 0), (0, 1, 0, 0), (0.9951847266721969, 0, 0.09801714032956055, 0), (0, 0, 0, 1) ),
            47: ( (0.06540312923014305, 0, -0.9978589232386035, 0), (0, 1, 0, 0), (0.9978589232386035, 0, 0.06540312923014305, 0), (0, 0, 0, 1) ),
            48: ( (0.032719082821776165, 0, -0.9994645874763657, 0), (0, 1, 0, 0), (0.9994645874763657, 0, 0.032719082821776165, 0), (0, 0, 0, 1) ),
            49: ( (0, 0, -1, 0), (0, 1, -0, 0), (1, 0, -0, 0), (0, 0, -0, 1) ),
            50: ( (-0.03271908282177604, 0, -0.9994645874763657, 0), (0, 1, -0, 0), (0.9994645874763657, 0, -0.03271908282177604, 0), (0, 0, -0, 1) ),
            51: ( (-0.06540312923014292, 0, -0.9978589232386035, 0), (0, 1, -0, 0), (0.9978589232386035, 0, -0.06540312923014292, 0), (0, 0, -0, 1) ),
            52: ( (-0.09801714032956065, 0, -0.9951847266721969, 0), (0, 1, -0, 0), (0.9951847266721969, 0, -0.09801714032956065, 0), (0, 0, -0, 1) ),
            53: ( (-0.1305261922200516, 0, -0.9914448613738104, 0), (0, 1, -0, 0), (0.9914448613738104, 0, -0.1305261922200516, 0), (0, 0, -0, 1) ),
            54: ( (-0.1628954733945887, 0, -0.986643332084879, 0), (0, 1, -0, 0), (0.986643332084879, 0, -0.1628954733945887, 0), (0, 0, -0, 1) ),
            55: ( (-0.1950903220161282, 0, -0.9807852804032304, 0), (0, 1, -0, 0), (0.9807852804032304, 0, -0.1950903220161282, 0), (0, 0, -0, 1) ),
            56: ( (-0.22707626303437312, 0, -0.9738769792773336, 0), (0, 1, -0, 0), (0.9738769792773336, 0, -0.22707626303437312, 0), (0, 0, -0, 1) ),
            57: ( (-0.25881904510252085, 0, -0.9659258262890683, 0), (0, 1, -0, 0), (0.9659258262890683, 0, -0.25881904510252085, 0), (0, 0, -0, 1) ),
            58: ( (-0.2902846772544624, 0, -0.9569403357322088, 0), (0, 1, -0, 0), (0.9569403357322088, 0, -0.2902846772544624, 0), (0, 0, -0, 1) ),
            59: ( (-0.3214394653031616, 0, -0.9469301294951057, 0), (0, 1, -0, 0), (0.9469301294951057, 0, -0.3214394653031616, 0), (0, 0, -0, 1) ),
            60: ( (-0.3522500479212335, 0, -0.9359059267573258, 0), (0, 1, -0, 0), (0.9359059267573258, 0, -0.3522500479212335, 0), (0, 0, -0, 1) ),
            61: ( (-0.3826834323650897, 0, -0.9238795325112867, 0), (0, 1, -0, 0), (0.9238795325112867, 0, -0.3826834323650897, 0), (0, 0, -0, 1) ),
            62: ( (-0.4127070298043946, 0, -0.9108638249211759, 0), (0, 1, -0, 0), (0.9108638249211759, 0, -0.4127070298043946, 0), (0, 0, -0, 1) ),
            63: ( (-0.44228869021900113, 0, -0.8968727415326884, 0), (0, 1, -0, 0), (0.8968727415326884, 0, -0.44228869021900113, 0), (0, 0, -0, 1) ),
            64: ( (-0.4713967368259977, 0, -0.881921264348355, 0), (0, 1, -0, 0), (0.881921264348355, 0, -0.4713967368259977, 0), (0, 0, -0, 1) ),
            65: ( (-0.49999999999999983, 0, -0.8660254037844387, 0), (0, 1, -0, 0), (0.8660254037844387, 0, -0.49999999999999983, 0), (0, 0, -0, 1) ),
            66: ( (-0.528067850650368, 0, -0.8492021815265789, 0), (0, 1, -0, 0), (0.8492021815265789, 0, -0.528067850650368, 0), (0, 0, -0, 1) ),
            67: ( (-0.5555702330196024, 0, -0.8314696123025451, 0), (0, 1, -0, 0), (0.8314696123025451, 0, -0.5555702330196024, 0), (0, 0, -0, 1) ),
            68: ( (-0.582477696867802, 0, -0.8128466845916152, 0), (0, 1, -0, 0), (0.8128466845916152, 0, -0.582477696867802, 0), (0, 0, -0, 1) ),
            69: ( (-0.6087614290087207, 0, -0.7933533402912352, 0), (0, 1, -0, 0), (0.7933533402912352, 0, -0.6087614290087207, 0), (0, 0, -0, 1) ),
